SIMPLE  = T
BITPIX  = -64
NAXIS   = 2
NAXIS1  = 4
NAXIS2  = 4
CTYPE1  = 'RA---TAN'
CTYPE2  = 'DEC--TAN'
EQUINOX = 2000
CRVAL1  =  267.183880241
CRVAL2  =  -28.768527143
CDELT1  =   -0.001666667
CDELT2  =    0.001666667
CRPIX1  =         2.5000
CRPIX2  =         2.5000
CROTA2  =    0.000000000
END
